58
63
3
47
25
50
56
54
31
57
53
58
53
57
37
2 мес
14
75
73
49
71
26
28
26
24
32
32
22
52
31
22
22
24
22
23
36
51
62
85
62
78
58
47
58
27
35
32
48
62
52
71
46
39
41
64
58
58
41
70
17
62
66
59
71
69
69
57
46
30
71
58
72
47
44
60
69
69
52
60
24
62
90
66
38
77
30
45
59
63
69
69
44
44
38
69
56
52
36
66
41
18
48
49
60
56
40
38
46
56
64
64
54
33
57
17
15
61
48
83
9
64
53
23
46
46
22
43
55
62
52
67
18
41
41
64
62
80
33
53
26
49
44
78
43
42
44
60
84
46
58
85
77
1 мес
12
44
42
69
61
44
49
60
78
60
39
35
49
57
45
84
67
45
44
39
43
48
55
74
23
80
31
44
64
71
33
60
80
10
16
31
36
39
39
41
45
46
50
32
71
67
46
16
1 нед.
56
44
6 мес.
27
44
64
79
58
34
50
42
42
41
58
80
37
49
42
80
33
39
23
23
18
69
51
24
44
54
64
8
2
7
18
49
40
4
21
11
31
51
42
43
34
38
43
42
38
29
12
42
43
61
40
52
53
54
56
38
37
32
68
64
38
26
11
29
43
47
22
30
11
12
2
23
24
68
41
19
50
31
69
42
4
34
39
40
60
54
34
31
35
64
31
38
40
33
34
39
3
42
25
9
38
36
35
6
54
44
71
74
55
64
45
30
49
38
9
34
73
33
85
59
54
68
46
49
19
47
35
53
11
55
65
44
33
47
40
51
67
34
57
52
88
42
47
26
32
38
61
30
60
29
32
26
66
58
41
80
53
36
41
51
56
63
59
33
42
21
27
42
46
67
64
1
39
46
50
52
43
55
59
59
49
51
62
51
50
45
63
74
56
33
47
25
21
33
36
74
72
40
61
51
33
33
31
42
61
57
