21
59
30
0
57
69
69
57
55
49
52
20
34
78
32
47
54
52
37
58
63
3
47
30
23
68
67
28
21
73
58
82
63
67
74
46
31
57
25
50
56
54
64
49
80
12
53
39
58
53
57
37
10
14
75
54
3
28
58
57
62
57
84
62
60
73
49
71
26
62
43
37
38
38
85
63
78
58
46
58
27
35
31
48
62
52
71
46
39
41
64
58
58
41
70
17
62
66
59
71
69
69
57
46
30
71
58
72
47
62
44
60
69
69
52
60
24
62
90
66
38
77
30
31
45
59
63
69
69
44
44
38
70
56
52
36
66
41
18
48
49
60
56
40
38
46
56
64
64
54
33
57
17
61
48
83
9
64
53
24
46
46
22
43
54
62
52
68
18
41
41
64
62
80
33
53
26
49
44
78
43
42
44
60
84
46
58
85
77
0
12
44
69
61
44
49
60
78
60
39
35
49
57
45
84
67
45
24
39
43
48
54
73
23
80
15
39
50
41
53
16
10
65
45
31
36
55
39
68
46
72
49
42
65
43
73
47
45
65
53
59
83
67
60
68
37
68
49
77
61
33
9
13
44
41
56
34
32
35
52
60
67
68
73
67
52
35
60
34
64
26
32
45
42
66
54
73
80
58
81
50
54
6
1
4
33
53
17
54
2
16
64
63
60
70
45
10
15
56
62
53
73
81
68
67
63
34
42
45
50
48
31
34
76
83
36
59
33
47
23
20
19
15
16
22
66
15
17
40
60
61
62
44
4
54
57
59
80
81
5
49
24
39
63
23
65
68
10
16
18
55
14
38
62
6
8
52
50
40
53
54
48
58
43
8
60
61
53
68
33
45
61
42
1
71
23
61
51
63
61
66
67
69
44
66
70
20
36
71
52
60
78
33
27
21
79
49
68
65
37
81
56
48
74
18
20
42
44
81
70
50
40
54
31
67
65
61
32
71
67
46
16
37
39
70
51
61
61
85
47
30
64
70
90
20
56
64
79
44
6 мес
27
44
17
65
62
78
42
5
50
77
43
34
58
50
37
22
46
34
61
55
62
42
59
40
38
42
60
37
22
19
40
82
29
58
80
41
26
37
49
42
19
64
30
34
48
63
19
57
80
24
44
54
51
64
8
2
7
18
49
40
4
21
11
31
51
42
43
33
38
43
42
38
49
28
22
45
33
39
24
23
18
69
12
44
43
61
40
52
54
56
38
37
32
68
64
51
38
26
11
29
43
47
22
30
11
12
2
23
26
68
41
18
50
25
56
38
20
30
21
20
32
36
20
19
54
26
25
29
53
21
21
45
22
35
48
35
39
11
52
21
18
43
20
61
57
54
68
43
67
70
71
36
34
1
9
78
47
37
61
25
31
50
33
59
42
65
28
44
17
41
48
55
31
15
60
46
34
23
32
29
10
17
73
66
37
38
53
54
67
71
81
44
18
57
22
81
66
21
69
36
57
22
47
55
60
94
60
76
57
27
37
35
46
28
64
32
22
24
34
57
0
14
40
25
28
0
58
48
81
27
20
50
44
34
37
57
29
55
55
28
25
34
40
47
56
66
67
30
66
49
43
42
53
61
35
24
32
41
12
69
39
22
50
22
59
51
64
31
46
24
27
32
66
80
3
35
58
51
24
36
1
35
0
8
34
50
38
61
64
39
5
15
34
13
17
16
13
8
67
23
59
35
56
25
43
83
35
54
43
84
42
65
22
64
23
66
37
39
39
49
25
53
46
30
33
36
45
38
34
37
51
34
19
33
23
47
30
30
60
68
52
42
41
59
40
10
23
5
47
11
1
68
12
8
25
25
47
12
35
14
3
50
57
79
9
49
52
30
36
29
31
42
4
34
39
40
60
54
34
31
35
64
31
38
40
33
34
39
69
3
42
25
9
3
38
24
80
7
3
67
68
55
60
65
43
36
71
46
82
52
37
45
23
65
14
83
60
58
42
66
61
49
72
66
43
60
43
64
47
32
48
30
54
54
28
15
31
36
72
47
9
28
35
30
25
20
34
37
62
36
56
56
33
27
56
6
36
35
29
2
54
34
49
48
39
19
20
33
18
71
74
52
21
55
64
45
30
49
38
34
9
9
38
81
34
44
72
62
64
9
40
40
33
60
85
59
63
66
37
45
78
45
3
64
69
58
22
24
54
68
46
49
19
47
35
53
11
55
65
44
29
60
47
32
26
32
23
29
26
41
58
26
32
80
66
53
32
35
41
51
88
52
42
55
37
62
59
33
22
21
27
41
45
22
23
67
64
1
39
46
50
52
43
55
59
59
33
47
52
62
40
51
66
51
50
57
45
52
63
75
56
33
47
25
21
33
36
40
40
61
51
33
33
32
42
60
57
21
61
43
56
37
1
42
64
66
19
58
42
47
62
3
0
58
35
31
51
20
28
69
54
33
55
51
42
65
54
61
48
10
41
44
34
40
80
45
38
40
1
2
19
39
27
45
48
72
13
56
61
33
59
33
20
36
65
34
65
33
43
29
33
38
60
47
64
39
41
66
42
48
21
45
44
51
43
60
50
67
51
20
11
62
11
12
56
65
81
54
85
15
16
21
59
76
29
37
20
43
62
85
60
62
24
65
34
68
48
24
56
56
71
0
10
6
15
31
16
9
47
50
27
29
67
62
64
87
59
54
58
20
45
65
57
43
55
24
48
73
2
84
56
12
21
9
57
53
51
19
61
54
47
48
41
60
63
34
54
30
33
57
60
34
41
34
54
12
34
28
45
55
47
54
62
41
0
69
55
39
39
84
22
17
53
56
58
19
64
82
30
59
59
48
50
51
67
40
30
48
32
36
35
30
20
74
18
54
84
34
10
19
32
36
51
30
58
59
51
44
37
65
47
36
79
49
2
77
50
48
48
53
22
12
69
85
35
74
4
3
5
10
40
40
43
62
38
58
56
23
54
40
41
36
64
51
47
28
73
7
28
35
61
20
44
22
23
8
62
60
40
40
8
17
33
56
44
66
61
56
28
61
38
67
36
1
71
26
96
42
26
54
50
44
31
